-0.6436675190925598 -0.21335414052009583
-0.6426814794540405 -0.21462705731391907
-0.6436883807182312 -0.2140308916568756
-0.5612663626670837 -0.32522183656692505
-0.5911828279495239 -0.28768661618232727
-0.5511118769645691 -0.354131817817688
-0.6207228899002075 -0.24865809082984924
-0.5393702983856201 -0.35067954659461975
-0.5584708452224731 -0.35520803928375244
-0.597934901714325 -0.30918604135513306
-0.556767463684082 -0.3627810478210449
-0.5613397359848022 -0.3630087077617645
-0.564521074295044 -0.37047791481018066
-0.5710086226463318 -0.372895747423172
-0.5725150108337402 -0.37711814045906067
-0.597509503364563 -0.3762773871421814
-0.5892987847328186 -0.38284873962402344
-0.5984646081924438 -0.39401131868362427
-0.6020433306694031 -0.39912524819374084
-0.6050803661346436 -0.4111917018890381
-0.6069401502609253 -0.4234224259853363
-0.6071494221687317 -0.43619564175605774
-0.6148428320884705 -0.4532189667224884
-0.6152536273002625 -0.46192944049835205
-0.6260899305343628 -0.46769118309020996
-0.6512157320976257 -0.47758761048316956
-0.6050404906272888 -0.4906408488750458
-0.6110362410545349 -0.503898024559021
-0.6087785959243774 -0.5196362733840942
-0.5985469818115234 -0.5214375853538513
-0.5936635136604309 -0.5336578488349915
-0.5950027704238892 -0.5383646488189697
-0.6016168594360352 -0.5466632843017578
-0.5896586775779724 -0.5515860319137573
-0.5858675837516785 -0.5528905391693115
-0.5801345705986023 -0.5622885227203369
-0.5726983547210693 -0.559272825717926
-0.5682733058929443 -0.5818832516670227
-0.5593687295913696 -0.5965548753738403
-0.5537634491920471 -0.6006195545196533
-0.5516958832740784 -0.5931118726730347
-0.5461294054985046 -0.5801017880439758
-0.5371294021606445 -0.5607467889785767
-0.5367329716682434 -0.5849265456199646
-0.5264798998832703 -0.552893340587616
-0.5240235328674316 -0.5439609885215759
-0.5183947086334229 -0.5261365175247192
-0.5182616710662842 -0.517042338848114
-0.5166761875152588 -0.5178607702255249
-0.5134178400039673 -0.5052752494812012
-0.49993008375167847 -0.527061939239502
-0.4953387975692749 -0.46423396468162537
-0.48889827728271484 -0.4793579876422882
-0.4850943088531494 -0.4595120847225189
-0.4752088487148285 -0.47211170196533203
-0.4684956669807434 -0.45213282108306885
-0.4644433557987213 -0.4491066634654999
-0.4494955539703369 -0.46625417470932007
-0.45166876912117004 -0.4837377667427063
-0.44491949677467346 -0.44292354583740234
-0.4052976071834564 -0.41863733530044556
-0.3956417441368103 -0.4197377860546112
-0.3783286213874817 -0.35904717445373535
-0.3766573667526245 -0.35522639751434326
-0.37392163276672363 -0.3552429974079132
-0.37971392273902893 -0.3476448357105255
