-0.4089038670063019 -0.4461756646633148
-0.7146301865577698 -0.4721800684928894
-0.471994012594223 -0.34001559019088745
-0.7158865928649902 -0.4674910008907318
-0.4136594533920288 -0.43469226360321045
-0.7175219058990479 -0.4709048867225647
-0.4142833650112152 -0.4370454251766205
-0.7141822576522827 -0.4733918309211731
-0.4136289358139038 -0.444343239068985
-0.7138347029685974 -0.470380574464798
-0.4173332154750824 -0.44053858518600464
-0.7122710943222046 -0.46500465273857117
-0.4179498851299286 -0.44523146748542786
-0.7121590971946716 -0.462489515542984
-0.42190393805503845 -0.44730305671691895
-0.7145934104919434 -0.46507328748703003
-0.42590826749801636 -0.47564464807510376
-0.721206784248352 -0.4842594265937805
-0.42879602313041687 -0.48672693967819214
-0.7219504117965698 -0.4866199493408203
-0.43169155716896057 -0.5026307106018066
-0.723205029964447 -0.5003488063812256
-0.43937116861343384 -0.5134404897689819
-0.7125935554504395 -0.5019084811210632
-0.7084843516349792 -0.4885404407978058
-0.4453704357147217 -0.5206736922264099
-0.7132842540740967 -0.4881078898906708
-0.4497818648815155 -0.5219858288764954
-0.7093794345855713 -0.479964941740036
-0.4494897723197937 -0.5215957164764404
-0.7100784182548523 -0.4832153916358948
-0.4484194219112396 -0.51811283826828
-0.45127609372138977 -0.5238462686538696
-0.709880530834198 -0.48358458280563354
-0.4584299623966217 -0.5211462378501892
-0.7059985995292664 -0.48946094512939453
-0.4732729494571686 -0.5241568088531494
-0.7020390033721924 -0.49481019377708435
-0.4765818417072296 -0.5340878367424011
-0.6979081034660339 -0.5039302110671997
-0.6931430697441101 -0.5176075100898743
-0.5131117105484009 -0.5613420009613037
-0.6950816512107849 -0.5156778693199158
-0.4896976351737976 -0.5621155500411987
-0.7190929055213928 -0.5262070298194885
-0.4877069592475891 -0.5571770071983337
-0.47359251976013184 -0.5345399975776672
-0.727415919303894 -0.5359917879104614
-0.4723609983921051 -0.5386947393417358
-0.73885577917099 -0.533730149269104
-0.4767046570777893 -0.5374577641487122
-0.7381618618965149 -0.5359256863594055
-0.4775705635547638 -0.5332164168357849
-0.7419359683990479 -0.5377163290977478
-0.4787827432155609 -0.529913604259491
-0.7420777082443237 -0.53229159116745
-0.48318517208099365 -0.535218358039856
-0.7441122531890869 -0.536336362361908
-0.4846326410770416 -0.5319885611534119
-0.742962658405304 -0.5364506244659424
-0.4831967353820801 -0.5341759324073792
-0.7463095188140869 -0.5391772389411926
-0.48212453722953796 -0.5357853770256042
-0.7456803321838379 -0.5402133464813232
-0.48523175716400146 -0.5345094799995422
-0.7471983432769775 -0.5406212210655212
-0.4896681010723114 -0.5362010598182678
-0.7495352029800415 -0.5388613343238831
-0.4877470135688782 -0.5365573763847351
-0.7487660646438599 -0.5404872894287109
-0.4904809892177582 -0.5394549369812012
-0.7499033808708191 -0.5461594462394714
-0.47154077887535095 -0.5440464019775391
-0.46545103192329407 -0.5378866791725159
-0.46707046031951904 -0.5342984199523926
-0.46561309695243835 -0.5411897897720337
-0.4687075912952423 -0.5441824197769165
-0.47104915976524353 -0.5436227917671204
