-0.6126804947853088 -0.31615257263183594
-0.6109740734100342 -0.3225935399532318
-0.6108163595199585 -0.31725192070007324
-0.6133351922035217 -0.31030526757240295
-0.6147360801696777 -0.31143718957901
-0.6177149415016174 -0.31629252433776855
-0.6190111041069031 -0.31318122148513794
-0.6191456913948059 -0.3147925138473511
-0.6037407517433167 -0.3107019364833832
-0.5694390535354614 -0.31532397866249084
-0.5424982905387878 -0.32174015045166016
-0.5351008176803589 -0.3214263916015625
-0.5183879733085632 -0.32144442200660706
-0.4961182773113251 -0.3210667669773102
-0.46739673614501953 -0.32225659489631653
-0.43682339787483215 -0.315463662147522
-0.4203961491584778 -0.3172489106655121
-0.41057920455932617 -0.3143603503704071
-0.4095905125141144 -0.31373319029808044
-0.422797828912735 -0.31859442591667175
-0.4339917302131653 -0.3231936991214752
-0.4495566189289093 -0.33744505047798157
-0.46967753767967224 -0.3504090905189514
-0.48864784836769104 -0.3692241907119751
-0.5134940147399902 -0.3931899666786194
-0.5417075753211975 -0.4255389869213104
-0.5623248219490051 -0.43718039989471436
-0.5983366370201111 -0.4709611237049103
-0.6231523752212524 -0.5160638093948364
-0.6507229208946228 -0.539226233959198
-0.6696904301643372 -0.5434260368347168
-0.6770268082618713 -0.5393638014793396
-0.6734937429428101 -0.5555949807167053
-0.6722493171691895 -0.5470482707023621
-0.6646007895469666 -0.541339099407196
-0.6323728561401367 -0.5594268441200256
-0.5448514223098755 -0.5389062166213989
-0.48329880833625793 -0.5365978479385376
-0.4529116451740265 -0.5438401103019714
-0.4400969445705414 -0.5447320938110352
-0.4323614835739136 -0.5415670275688171
-0.41482484340667725 -0.5387254357337952
-0.40524017810821533 -0.5369909405708313
-0.3945162296295166 -0.5360158681869507
-0.3675067722797394 -0.5377362370491028
-0.3665946125984192 -0.5348517894744873
-0.36623790860176086 -0.5362741947174072
-0.36002346873283386 -0.537742018699646
-0.35692012310028076 -0.5507038235664368
-0.3574691712856293 -0.5514165163040161
-0.35729873180389404 -0.5478625893592834
-0.35422778129577637 -0.557012140750885
-0.36442700028419495 -0.5572300553321838
-0.36902672052383423 -0.5568352937698364
-0.3788756728172302 -0.5678536891937256
-0.39190155267715454 -0.5627111196517944
-0.39065149426460266 -0.5648216605186462
-0.37622493505477905 -0.5542793869972229
-0.36635780334472656 -0.5479605793952942
