-0.49587932229042053 -0.3926759958267212
-0.5103918313980103 -0.3367363214492798
-0.5031377077102661 -0.3254544734954834
-0.5014052987098694 -0.371803343296051
-0.5420147776603699 -0.42652949690818787
-0.5527247190475464 -0.47229820489883423
-0.581451952457428 -0.4528581202030182
-0.5796013474464417 -0.4614753723144531
-0.5845023393630981 -0.46601802110671997
-0.5262379050254822 -0.4989933371543884
-0.43651944398880005 -0.51487135887146
-0.39444801211357117 -0.530034601688385
-0.3431950509548187 -0.5370014309883118
-0.2207387387752533 -0.5159578323364258
-0.21558509767055511 -0.5237404108047485
-0.37317973375320435 -0.5668951869010925
-0.4339181184768677 -0.5561904907226562
-0.4649045169353485 -0.538038432598114
-0.5742329359054565 -0.4991874694824219
-0.6065696477890015 -0.4867183566093445
-0.641671895980835 -0.45172882080078125
-0.6441749334335327 -0.45491448044776917
-0.625119686126709 -0.47909843921661377
-0.593495786190033 -0.5010418891906738
-0.5574750304222107 -0.5266430974006653
-0.47215867042541504 -0.5498367547988892
-0.41524678468704224 -0.5868757963180542
-0.3497767448425293 -0.558953583240509
-0.31973645091056824 -0.539553165435791
-0.277352511882782 -0.5135458707809448
-0.27412018179893494 -0.5391969680786133
-0.4974869191646576 -0.5109420418739319
-0.5204499959945679 -0.5289380550384521
-0.5669925212860107 -0.5144303441047668
-0.579220175743103 -0.5298703908920288
-0.5705959796905518 -0.5256608724594116
-0.5691970586776733 -0.5178772211074829
